4.136250000000000204e-01
4.225625000000000075e-01
4.248125000000000373e-01
4.188124999999999765e-01
4.189999999999999836e-01
4.201874999999999916e-01
4.206250000000000266e-01
4.237499999999999600e-01
4.210625000000000062e-01
4.185625000000000040e-01
4.141875000000000417e-01
4.239999999999999880e-01
4.226250000000000284e-01
4.178749999999999964e-01
4.201874999999999916e-01
4.208125000000000338e-01
4.221249999999999725e-01
4.169375000000000164e-01
4.173124999999999751e-01
4.199999999999999845e-01
4.202500000000000124e-01
4.199999999999999845e-01
4.170625000000000027e-01
4.199374999999999636e-01
4.224375000000000213e-01
4.223124999999999796e-01
3.765625000000000222e-01
3.879375000000000462e-01
3.808749999999999636e-01
3.806249999999999911e-01
3.441874999999999796e-01
3.555625000000000036e-01
3.498749999999999916e-01
3.550625000000000031e-01
3.233749999999999680e-01
3.363125000000000142e-01
3.374375000000000013e-01
3.273125000000000062e-01
3.065625000000000155e-01
3.511250000000000204e-01
3.260000000000000120e-01
3.838750000000000218e-01
3.920000000000000151e-01
2.260624999999999996e-01
2.192500000000000004e-01
2.195624999999999938e-01
2.414999999999999925e-01
2.198124999999999940e-01
2.337500000000000133e-01
2.230000000000000038e-01
2.345625000000000071e-01
2.197500000000000009e-01
2.344374999999999931e-01
2.235000000000000042e-01
2.339999999999999858e-01
2.218749999999999889e-01
2.295000000000000095e-01
2.223125000000000240e-01
2.298749999999999960e-01
2.218125000000000235e-01
2.283749999999999947e-01
2.182499999999999996e-01
2.324374999999999913e-01
2.166874999999999774e-01
2.396874999999999978e-01
2.172499999999999987e-01
2.311874999999999902e-01
2.209375000000000089e-01
2.291874999999999885e-01
2.185624999999999929e-01
2.298124999999999751e-01
2.197500000000000009e-01
2.228749999999999898e-01
2.210624999999999951e-01
2.263124999999999998e-01
2.189375000000000071e-01
2.271249999999999936e-01
2.204375000000000084e-01
1.718750000000000000e-01
1.512499999999999956e-01
1.513125000000000164e-01
1.686874999999999902e-01
1.560624999999999929e-01
1.652500000000000080e-01
1.368749999999999967e-01
1.943750000000000200e-01
1.301249999999999907e-01
1.385625000000000051e-01
1.270624999999999949e-01
1.564375000000000071e-01
1.296249999999999902e-01
1.383125000000000049e-01
1.299374999999999836e-01
1.391249999999999987e-01
1.296249999999999902e-01
1.306875000000000120e-01
1.249375000000000069e-01
1.455624999999999836e-01
1.270000000000000018e-01
1.339374999999999871e-01
1.283124999999999960e-01
1.409374999999999933e-01
1.299374999999999836e-01
1.170625000000000138e-01
1.196875000000000022e-01
1.381875000000000187e-01
1.199375000000000024e-01
1.305000000000000049e-01
1.195000000000000090e-01
1.284375000000000100e-01
1.199375000000000024e-01
1.225625000000000048e-01
1.185000000000000081e-01
1.216875000000000040e-01
1.208750000000000102e-01
1.256875000000000075e-01
1.191875000000000018e-01
1.243124999999999925e-01
1.192499999999999949e-01
1.246875000000000067e-01
1.222499999999999976e-01
1.219375000000000042e-01
1.358749999999999958e-01
1.841875000000000040e-01
1.193750000000000089e-01
1.355000000000000093e-01
1.191875000000000018e-01
1.366249999999999964e-01
1.175625000000000003e-01
1.232499999999999984e-01
1.070000000000000118e-01
1.073749999999999982e-01
1.134999999999999898e-01
1.075625000000000053e-01
1.084375000000000061e-01
1.059999999999999970e-01
1.079374999999999918e-01
1.038125000000000020e-01
1.115000000000000158e-01
1.053125000000000033e-01
1.048125000000000029e-01
1.041249999999999953e-01
1.061249999999999971e-01
1.045625000000000027e-01
1.144374999999999976e-01
1.047500000000000098e-01
1.053749999999999964e-01
1.048749999999999960e-01
1.091249999999999998e-01
1.063125000000000042e-01
9.500000000000000111e-02
9.775000000000000355e-02
9.606249999999999512e-02
9.662500000000000255e-02
9.587500000000000189e-02
9.337499999999999967e-02
9.437500000000000056e-02
9.218750000000000555e-02
9.118749999999999079e-02
9.681249999999999578e-02
9.212499999999999856e-02
9.462499999999998690e-02
9.174999999999999822e-02
9.318750000000000644e-02
9.218749999999999167e-02
9.343750000000000666e-02
9.306250000000000633e-02
1.008749999999999925e-01
9.312499999999999944e-02
9.368750000000000688e-02
9.237499999999999878e-02
9.249999999999999889e-02
9.931249999999999800e-02
1.046874999999999889e-01
9.206250000000000544e-02
9.975000000000000533e-02
9.206250000000000544e-02
1.041875000000000023e-01
1.006875000000000131e-01
8.524999999999999245e-02
8.649999999999999356e-02
8.349999999999999090e-02
8.250000000000000389e-02
7.850000000000000033e-02
7.918749999999999400e-02
8.100000000000000255e-02
7.968749999999999445e-02
8.000000000000000167e-02
8.143749999999999600e-02
8.068749999999999534e-02
7.962500000000000133e-02
8.156249999999999611e-02
7.875000000000000056e-02
9.868750000000001132e-02
8.012500000000000178e-02
7.718750000000000611e-02
7.787499999999999978e-02
7.956249999999999434e-02
7.749999999999999944e-02
7.993749999999999467e-02
8.418749999999999845e-02
8.556249999999999967e-02
7.762499999999999956e-02
7.637499999999999845e-02
7.693749999999999201e-02
7.806250000000000688e-02
7.756250000000000644e-02
7.674999999999999878e-02
7.687499999999999889e-02
7.668749999999999178e-02
7.593749999999999112e-02
1.016249999999999931e-01
7.431250000000000355e-02
8.093749999999999556e-02
7.431250000000000355e-02
8.381249999999999811e-02
7.431250000000000355e-02
7.681250000000000577e-02
7.474999999999999700e-02
7.687499999999999889e-02
7.468749999999999001e-02
7.743749999999999245e-02
7.499999999999999722e-02
7.931250000000000799e-02
7.793749999999999289e-02
7.499999999999999722e-02
7.106250000000000067e-02
7.618750000000000522e-02
7.343750000000000278e-02
7.462499999999999689e-02
7.381250000000000311e-02
7.512499999999999734e-02
7.324999999999999567e-02
7.462499999999999689e-02
7.193750000000000144e-02
7.124999999999999389e-02
7.212499999999999467e-02
7.168750000000000122e-02
6.987500000000000655e-02
7.031250000000000000e-02
7.074999999999999345e-02
6.975000000000000644e-02
7.006249999999999978e-02
6.956249999999999933e-02
7.024999999999999301e-02
6.962499999999999245e-02
7.249999999999999500e-02
6.956249999999999933e-02
7.356250000000000289e-02
6.993749999999999967e-02
7.031250000000000000e-02
6.918749999999999900e-02
6.800000000000000488e-02
6.900000000000000577e-02
7.143750000000000100e-02
6.800000000000000488e-02
6.887500000000000566e-02
6.762500000000000455e-02
6.837500000000000522e-02
6.800000000000000488e-02
6.762500000000000455e-02
6.756249999999999756e-02
6.731249999999999734e-02
6.793749999999999789e-02
6.725000000000000422e-02
6.700000000000000400e-02
6.825000000000000511e-02
6.687500000000000389e-02
6.768749999999999767e-02
6.756249999999999756e-02
6.743750000000001132e-02
6.631249999999999645e-02
6.693750000000001088e-02
6.581249999999999600e-02
6.675000000000000377e-02
6.506249999999999534e-02
6.537500000000000255e-02
6.587500000000000300e-02
6.400000000000000133e-02
6.387500000000000122e-02
6.368750000000000799e-02
6.312500000000000056e-02
6.199999999999999956e-02
6.212499999999999967e-02
6.350000000000000089e-02
6.181249999999999939e-02
6.168749999999999928e-02
6.187499999999999944e-02
6.199999999999999956e-02
6.206249999999999961e-02
6.287500000000000033e-02
6.287500000000000033e-02
6.062499999999999833e-02
6.099999999999999867e-02
6.068749999999999839e-02
6.074999999999999845e-02
6.281249999999999334e-02
6.193749999999999950e-02
6.537500000000000255e-02
6.062499999999999833e-02
6.062499999999999833e-02
6.862500000000000544e-02
6.743749999999999745e-02
6.718749999999999722e-02
6.906249999999999889e-02
6.812500000000000500e-02
6.825000000000000511e-02
6.693749999999999700e-02
6.862500000000000544e-02
6.868749999999999856e-02
6.850000000000000533e-02
6.831249999999999822e-02
6.668749999999999678e-02
6.837500000000000522e-02
6.887500000000000566e-02
6.668749999999999678e-02
6.631249999999999645e-02
6.475000000000000200e-02
6.437500000000000167e-02
6.856249999999999845e-02
6.975000000000000644e-02
6.656249999999999667e-02
6.668749999999999678e-02
7.000000000000000666e-02
6.887500000000000566e-02
6.756249999999999756e-02
5.481250000000000011e-02
5.981250000000000455e-02
5.837499999999999634e-02
6.149999999999999911e-02
5.100000000000000366e-02
5.637499999999999456e-02
5.618750000000000133e-02
5.637499999999999456e-02
4.925000000000000211e-02
5.337500000000000577e-02
5.581250000000000100e-02
5.412500000000000644e-02
4.587499999999999911e-02
1.484999999999999931e-01
1.352499999999999813e-01
1.509999999999999953e-01
1.512499999999999956e-01
1.381249999999999978e-01
4.693750000000000006e-02
1.382500000000000118e-01
4.731250000000000039e-02
1.381874999999999909e-01
4.731250000000000039e-02
1.382500000000000118e-01
4.668749999999999983e-02
1.384374999999999911e-01
4.706250000000000017e-02
1.385000000000000120e-01
4.712500000000000022e-02
1.384374999999999911e-01
4.743750000000000050e-02
1.385000000000000120e-01
4.687500000000000000e-02
1.386249999999999982e-01
4.687500000000000000e-02
1.387499999999999845e-01
4.725000000000000033e-02
1.386249999999999982e-01
4.700000000000000011e-02
1.387499999999999845e-01
4.750000000000000056e-02
1.387499999999999845e-01
4.693750000000000006e-02
1.388749999999999984e-01
4.706250000000000017e-02
1.387499999999999845e-01
4.750000000000000056e-02
1.387499999999999845e-01
4.762500000000000067e-02
1.388125000000000053e-01
4.818750000000000117e-02
1.386874999999999913e-01
4.856249999999999456e-02
1.384374999999999911e-01
4.693750000000000006e-02
1.385624999999999774e-01
4.656249999999999972e-02
1.387499999999999845e-01
4.750000000000000056e-02
1.388125000000000053e-01
4.775000000000000078e-02
1.386249999999999982e-01
4.631249999999999950e-02
1.388749999999999984e-01
4.674999999999999989e-02
1.390625000000000056e-01
4.743750000000000050e-02
1.391249999999999987e-01
7.124999999999999389e-02
4.512499999999999845e-02
7.399999999999999634e-02
4.543750000000000566e-02
6.512500000000000233e-02
4.593749999999999917e-02
7.356250000000000289e-02
4.549999999999999878e-02
7.318749999999998868e-02
4.443750000000000477e-02
7.087499999999999356e-02
4.481250000000000511e-02
7.162499999999999423e-02
4.456250000000000488e-02
6.456249999999999489e-02
4.493750000000000522e-02
7.200000000000000844e-02
4.418750000000000455e-02
7.362499999999999600e-02
4.468750000000000500e-02
7.125000000000000777e-02
4.431250000000000466e-02
7.037500000000000699e-02
4.468750000000000500e-02
7.118750000000000078e-02
4.318750000000000366e-02
6.443749999999999478e-02
4.537499999999999867e-02
6.093749999999999861e-02
4.399999999999999745e-02
7.137499999999999400e-02
4.306250000000000355e-02
7.112499999999999378e-02
4.718750000000000028e-02
5.518750000000000044e-02
4.274999999999999634e-02
6.581249999999999600e-02
4.474999999999999811e-02
5.475000000000000006e-02
5.012500000000000289e-02
4.274999999999999634e-02
5.006249999999999589e-02
4.274999999999999634e-02
4.531250000000000555e-02
4.268750000000000322e-02
4.787500000000000089e-02
4.256250000000000311e-02
4.531249999999999861e-02
4.262499999999999623e-02
4.618749999999999939e-02
4.274999999999999634e-02
4.368750000000000411e-02
4.268750000000000322e-02
4.331250000000000377e-02
4.274999999999999634e-02
4.349999999999999700e-02
4.262499999999999623e-02
4.324999999999999678e-02
4.274999999999999634e-02
4.312499999999999667e-02
4.274999999999999634e-02
4.318750000000000366e-02
4.268750000000000322e-02
4.312499999999999667e-02
4.262499999999999623e-02
4.331250000000000377e-02
4.268750000000000322e-02
4.318750000000000366e-02
4.262499999999999623e-02
4.318750000000000366e-02
4.268750000000000322e-02
4.343750000000000389e-02
4.262499999999999623e-02
4.324999999999999678e-02
4.262499999999999623e-02
4.299999999999999656e-02
4.281250000000000333e-02
4.312499999999999667e-02
4.312499999999999667e-02
4.337499999999999689e-02
4.262499999999999623e-02
4.256250000000000311e-02
4.274999999999999634e-02
4.281250000000000333e-02
4.399999999999999745e-02
4.349999999999999700e-02
4.318750000000000366e-02
4.281250000000000333e-02
4.268750000000000322e-02
4.268750000000000322e-02
4.256250000000000311e-02
4.274999999999999634e-02
4.262499999999999623e-02
4.268750000000000322e-02
4.256250000000000311e-02
4.262499999999999623e-02
4.262499999999999623e-02
4.268750000000000322e-02
4.262499999999999623e-02
4.274999999999999634e-02
4.262499999999999623e-02
4.268750000000000322e-02
4.268750000000000322e-02
4.262499999999999623e-02
4.262499999999999623e-02
4.274999999999999634e-02
4.268750000000000322e-02
4.281250000000000333e-02
4.256250000000000311e-02
4.262499999999999623e-02
4.262499999999999623e-02
4.256250000000000311e-02
4.262499999999999623e-02
4.256250000000000311e-02
4.256250000000000311e-02
4.262499999999999623e-02
4.262499999999999623e-02
4.256250000000000311e-02
4.256250000000000311e-02
4.256250000000000311e-02
4.243750000000000300e-02
4.243750000000000300e-02
4.249999999999999611e-02
4.249999999999999611e-02
4.243750000000000300e-02
4.249999999999999611e-02
4.243750000000000300e-02
4.243750000000000300e-02
4.249999999999999611e-02
4.256250000000000311e-02
4.243750000000000300e-02
4.243750000000000300e-02
4.231250000000000289e-02
4.231250000000000289e-02
4.237499999999999600e-02
4.237499999999999600e-02
4.243750000000000300e-02
4.237499999999999600e-02
4.249999999999999611e-02
4.237499999999999600e-02
4.237499999999999600e-02
4.237499999999999600e-02
4.224999999999999589e-02
4.231250000000000289e-02
4.231250000000000289e-02
4.231250000000000289e-02
4.224999999999999589e-02
4.224999999999999589e-02
4.231250000000000289e-02
4.231250000000000289e-02
4.231250000000000289e-02
4.224999999999999589e-02
4.224999999999999589e-02
4.224999999999999589e-02
4.224999999999999589e-02
4.237499999999999600e-02
4.224999999999999589e-02
4.224999999999999589e-02
4.231250000000000289e-02
4.231250000000000289e-02
4.231250000000000289e-02
4.231250000000000289e-02
4.231250000000000289e-02
4.224999999999999589e-02
4.224999999999999589e-02
4.231250000000000289e-02
4.224999999999999589e-02
4.231250000000000289e-02
4.231250000000000289e-02
4.231250000000000289e-02
4.231250000000000289e-02
4.231250000000000289e-02
4.231250000000000289e-02
4.224999999999999589e-02
4.231250000000000289e-02
4.231250000000000289e-02
4.224999999999999589e-02
4.231250000000000289e-02
4.224999999999999589e-02
4.237499999999999600e-02
4.224999999999999589e-02
4.224999999999999589e-02
4.231250000000000289e-02
4.231250000000000289e-02
4.231250000000000289e-02
4.231250000000000289e-02
4.224999999999999589e-02
4.224999999999999589e-02
4.224999999999999589e-02
4.231250000000000289e-02
4.231250000000000289e-02
4.224999999999999589e-02
4.224999999999999589e-02
4.224999999999999589e-02
4.231250000000000289e-02
4.231250000000000289e-02
4.231250000000000289e-02
4.224999999999999589e-02
4.224999999999999589e-02
4.224999999999999589e-02
4.224999999999999589e-02
4.231250000000000289e-02
4.224999999999999589e-02
4.231250000000000289e-02
4.231250000000000289e-02
4.224999999999999589e-02
